6810 2466 4914 10105 30960 13846 5301 30362 22484 24282 
19288 15386 22101 21645 31702 17945 29991 5098 29581 8656 
27822 5007 12080 30581 10585 7938 22972 23903 25137 25333 
14253 26219 32178 3785 21105 28574 14553 12114 30749 28940 
17534 9946 25439 22008 19684 26216 8115 8252 8079 19522 
32218 23276 25429 19376 11401 8246 5816 16899 18782 13964 
18547 7382 32279 2310 15955 13716 32262 32513 32328 1594 
30656 30477 28092 7006 20246 26886 31523 26481 13126 29568 
1492 23361 25970 22632 30743 26561 17232 11497 18303 19725 
27172 16525 20346 23209 1515 32677 14886 1289 8409 21738 
27494 29783 1798 20068 8758 28784 4709 2443 17467 20016 
29429 10925 1950 16879 18235 25487 28443 15179 6383 19799 
19541 11816 4598 6569 15469 27894 32144 24337 21202 30771 
27091 1185 26203 26416 32088 4315 13459 19991 21812 24529 
20308 17709 32553 1162 2199 30037 25630 22952 20618 19926 
14029 1352 14819 18269 15036 29738 6260 22598 30574 4114 
28160 32279 11226 13677 6478 77 5660 11320 31611 20572 
25451 10270 1940 10993 23627 5088 28773 24186 8451 11258 
26763 23272 2642 11396 10449 28339 606 5718 12473 21791 
27117 20335 30040 31167 24023 8856 29287 5431 28860 25156 
20888 1861 11506 12987 7206 4611 29377 16247 10928 23142 
1747 24526 18247 21003 25830 28370 13766 28211 10948 23158 
5729 20492 12149 11762 22145 16946 6835 7016 9168 12149 
4254 18631 5519 30429 17841 25584 48 16619 3829 16919 
10017 14882 17012 3692 16614 22214 31729 19451 362 996 
6614 11985 7831 27026 1646 4193 804 8824 8532 806 
9134 3215 23852 18825 10763 5929 26000 13316 27355 12850 
24909 10888 22879 17077 9424 25884 28047 16545 26843 6088 
12390 25038 22909 5553 25217 30267 4416 12165 28904 22938 
21668 20761 11308 7694 8652 8785 30130 21555 26744 12097 
22350 5215 32307 23441 14611 11559 8910 9510 10602 6949 
10508 31230 27490 11769 6047 9564 16199 32398 22099 6182 
6518 6815 15242 4235 15215 2425 3560 25832 25388 3586 
20047 30189 1202 18938 24078 3068 16869 9857 21845 9169 
5280 9689 7661 28264 24325 622 9765 2075 22034 16147 
16400 11020 31349 3215 237 24770 5026 10328 13543 30487 
24866 6302 15103 15441 30254 27019 23878 18063 29564 20426 
31055 19047 4953 21574 3300 17613 15352 27956 31480 31798 
3082 10323 7389 7422 5518 19058 29623 29959 15083 2100 
3633 4772 25148 15376 30318 19125 29419 15771 15427 27155 
20865 15882 28579 5678 19900 19954 8026 8436 14051 28755 
12286 21493 2646 24277 7971 30405 28777 25425 1743 5282 
31602 27283 29998 17751 23841 13407 27782 32096 1552 17585 
8044 10575 25499 31305 15673 6255 12274 28263 25272 31398 
2156 468 801 30112 15903 15137 23883 5417 5293 23091 
20765 6875 25440 17664 10566 28922 19578 12691 11565 17564 
32454 12630 3883 2829 13683 400 2809 30321 27170 17709 
18532 7595 27966 3006 22088 23422 22668 18880 20923 10482 
4099 9761 3465 30458 17629 16640 19937 19283 12014 22453 
27725 9391 28725 27153 30695 27155 22193 17638 9675 27006 
28789 5578 9672 10699 9727 27673 12123 5080 20166 19257 
23261 14056 29714 12834 6907 11334 13840 15389 27239 24108 
1830 16075 461 13794 12676 2410 10761 29994 23292 10580 
32407 16092 31507 22472 13386 4814 30552 29933 14401 16630 
23028 13332 15128 6099 22147 23870 31835 21000 4386 18398 
27200 1867 23497 29408 27029 9341 24028 24041 23031 12058 
23036 2017 10821 22484 1571 13999 4436 8315 10736 27715 
16100 6432 30527 11482 6355 30842 20733 31357 22673 5001 
29755 10699 7380 30840 14208 29689 17293 12488 21604 27159 
8218 28331 28506 11669 25021 10670 20942 4613 15949 28315 
2672 3106 13611 26270 26575 4626 32376 22950 297 20712 
31365 12302 16769 23405 13707 14205 10483 13856 21405 12043 
14405 25723 30938 24229 15038 23416 487 15794 25147 32084 
8349 27894 27007 659 12542 1975 12491 29764 23150 4127 
2222 7046 20768 31458 7967 2635 19406 7713 17097 8540 
429 1933 28838 14238 17568 32207 24527 18067 2987 12584 
32659 16419 427 24404 7110 29085 27717 28341 7003 6137 
32541 17581 3382 2400 28488 23372 30523 6126 23299 23083 
7083 4534 22949 13975 10416 518 18386 7922 1590 6125 
9202 13655 13821 22011 3809 23933 31212 28488 17640 8670 
13481 30135 8941 29720 14438 15740 3046 19603 30718 6620 
17044 28004 20032 22324 2925 19569 20362 5693 10970 26838 
22939 27790 5026 3976 21922 28259 22950 21304 24730 1436 
15568 15227 19930 14857 24646 28455 14312 20196 483 24064 
5007 22943 17895 11668 31025 13793 27373 28003 6238 31435 
31262 22083 2468 21887 18341 6403 29353 27875 22370 79 
12408 12962 31203 27091 31769 17780 13712 23204 15716 18592 
20517 13019 22 21695 3174 17539 16165 26050 28686 20917 
31313 27190 9736 13825 18940 22471 20705 16144 25915 26883 
24958 30856 20013 26721 17930 28464 6284 11394 1331 12117 
32385 10678 6550 620 14269 15554 8567 12280 18117 4833 
14006 17838 12429 21256 766 10967 21065 27758 25664 759 
18816 11852 13664 9132 8802 3297 3886 8664 16475 14266 
5527 14850 13544 25904 9501 6138 30890 30514 29828 16828 
15033 23877 32462 10647 14906 22472 18794 11151 24116 125 
23209 31231 32671 15429 29809 15747 6590 31275 26421 27668 
21679 25508 4388 7029 7745 25109 23969 21199 17669 7574 
22772 8088 18856 22774 11327 29112 23167 20223 5555 751 
11620 29947 12547 19825 11201 18039 9241 21972 9450 32326 
1033 19500 31408 24777 1603 18549 31795 31598 21004 9777 
25335 32119 1583 17233 9786 3581 18159 9817 6277 17204 
26689 20416 898 7920 2104 14997 13837 13416 11713 20585 
14477 23354 16272 21608 7045 5040 26458 2505 5222 66 
13637 6505 23720 6236 6045 31410 1816 30817 31432 25538 
16244 29423 9596 1225 10293 18277 9519 4787 19116 8610 
24271 25864 19792 18192 6068 11024 25687 5346 2771 31802 
12419 13209 24116 18366 63 9165 3238 26498 9962 2090 
6065 23099 24179 20665 5580 26836 26406 11104 28880 15123 
22981 23981 26797 8058 24539 27599 11867 2667 17997 12517 
11028 4240 7730 19580 18369 24698 24548 2386 18610 32648 
17495 8544 4497 19979 18602 792 26009 5799 4092 31724 
30723 11517 6017 27663 24769 24454 28885 26495 18799 16578 
30352 26691 26247 2963 12058 30193 4308 9955 20929 26228 
4905 3213 8712 7180 82 6011 5442 25750 9547 32012 
30304 24078 27568 30136 31752 1106 16501 22774 1255 19497 
21207 12381 28231 28547 16274 1546 14564 20227 31829 29251 
28667 3258 6003 11353 1701 17462 8155 8915 8035 955 
18762 24264 29178 27344 8383 13965 17281 4605 25904 5009 
9400 8148 22651 20356 27291 12078 7327 27839 5431 27319 
28972 11744 6333 429 25848 20660 15573 23012 20500 28763 
1588 8974 10750 21158 24177 12089 4120 9412 28180 13465 
4185 27422 23793 23688 3139 10367 27828 17355 18453 120 
8636 20503 31297 22787 28205 32467 28448 16230 4928 4384 
5349 5210 11486 14615 976 17261 7022 11345 22180 2469 
16363 16301 26458 3942 15929 28749 17431 22933 14777 32226 
28764 22014 16411 31274 18044 1779 22131 29111 3412 4662 
23695 4593 5686 14106 14984 28766 30502 28644 3224 22305 
13641 17015 16683 15041 29594 1073 23865 15660 31199 5392 
23250 25084 10204 22041 22011 22520 10438 24314 31672 31710 
31482 14062 28522 30816 8175 5345 6747 10092 2153 27349 
6552 6320 4336 16516 15871 24926 8833 8518 21144 6444 
19331 8502 7465 10400 25852 15760 19716 19594 6149 7262 
19492 29394 22396 28500 9848 21619 8696 32248 31615 28872 
8194 6918 11797 19975 29314 2322 18061 8971 17783 4719 
15103 20054 31467 22608 4579 15958 551 7469 4831 12007 
12067 3688 31198 24602 9792 20785 24674 10804 12345 22183 
20763 4858 2647 15167 14776 18476 1765 13674 12029 9040 
4580 22386 14102 6832 28160 10405 3627 17318 15810 22966 
6452 18967 11526 6240 31503 318 20144 17996 32719 29099 
667 5941 21080 2187 30674 23114 12329 19497 7939 29396 
3960 14773 8496 17432 27524 12357 11944 5247 11047 3353 
14902 11252 21930 23843 29848 12686 2526 18374 7218 3183 
27496 5855 29956 19436 31325 2 31962 23278 2319 4870 
12226 663 17446 29123 28867 41 242 13594 27340 12836 
17919 9014 32235 8367 16874 6930 3263 25913 9332 22843 
15920 13664 3541 31192 1885 5394 2131 23527 4566 29682 
16402 18889 21004 14845 27950 2817 25094 1901 9223 17209 
29781 11229 32732 17029 29513 6319 23452 10988 8293 21163 
3320 3877 18449 9960 21949 28318 23951 9968 32609 12995 
4912 12319 21723 4476 17096 588 28344 30967 14943 10668 
1388 26793 16681 16370 15846 23439 26809 18619 9319 10170 
32369 11562 18835 30474 12605 6863 13769 15674 16257 18894 
9904 20252 16719 28221 19218 32550 25310 22733 28910 25390 
9015 2733 22984 10098 27442 16555 10564 4827 4257 14749 
8691 8323 6603 15359 9325 21108 21788 7901 9376 8627 
6426 23028 2407 12157 16539 24852 10847 7120 14133 20168 
24566 9517 10743 8761 22980 30109 12374 5200 12063 16626 
362 18459 24041 6223 2395 23154 11181 5866 29462 5338 
7402 19473 31300 18345 30383 1643 6524 3947 32360 25729 
26807 2437 27640 20092 16389 15384 16904 15664 29311 13608 
158 29274 13693 9470 26097 1574 2057 30666 12668 28149 
11923 12941 7505 24668 5862 5942 432 14960 14426 21515 
22232 19009 17483 16971 2333 8868 15051 30738 21307 23606 
14228 12668 4842 26525 2880 21773 19378 21777 29885 5969 
19457 13596 3835 447 10363 30365 18151 24803 401 26131 
28061 23997 18261 12824 15065 18020 28556 6444 21423 18926 
20997 9396 10621 11156 7978 5442 17693 12562 9429 25623 
21087 20557 21861 32231 32694 24632 17680 6876 1585 20728 
4475 22493 28077 12103 26503 29967 24906 30486 7022 23964 
10267 31094 1808 23732 5666 22968 8839 9170 2427 26067 
2817 1601 18391 19975 27599 3550 20524 32704 32185 19743 
29867 10173 4245 4692 20723 8049 21272 24621 28804 18858 
19691 20349 14710 8816 16129 15933 28523 1584 24105 28628 
25282 29722 7135 662 8205 20423 29032 24202 13253 26143 
24862 368 22077 14714 8712 19458 5077 22789 10669 13435 
17776 18280 2090 598 27944 13477 19075 30552 19264 3907 
22327 2512 16217 12461 30999 5150 18921 10453 3159 7538 
16874 27932 486 8150 4815 28278 11515 28527 5820 23241 
3825 9983 24822 3479 5460 15791 3225 29661 32316 10764 
25481 26427 22233 13903 29098 17492 18512 27105 22612 16504 
9925 11294 30209 17025 30393 1114 13897 17146 23703 6945 
7697 30599 10889 24771 26623 19840 144 32016 17713 30688 
13012 27745 5678 5214 27193 28120 12316 11225 13106 9960 
564 4601 28378 8215 12148 26644 23105 32514 28819 18254 
8195 8610 21050 22021 10272 32463 9073 19564 6663 28674 
10328 11381 17652 18527 25879 12533 25212 23795 5399 14339 
26471 25146 8819 11424 22205 17124 12713 13214 19235 21464 
5526 8122 10856 2426 16289 28940 14172 4649 54 25505 
30177 31244 11126 20838 5444 15375 30252 27463 21709 25640 
7939 3481 5780 9951 14327 13237 5271 4621 9226 20198 
27658 15076 7480 1158 29422 3375 22188 5987 3045 8155 
3892 104 27717 12983 10227 31353 2155 14712 4950 1438 
6738 6144 12361 9572 30308 29664 26026 24192 8847 16155 
4605 14262 25500 24621 9058 16889 13500 6987 27589 27604 
23908 8429 1365 9224 6491 25994 23351 3959 1810 9890 
10875 22080 20531 16642 3919 19500 16508 15428 29298 30793 
16078 12181 27372 16340 23681 25531 26621 14428 28411 22102 
14163 25893 26497 613 15231 25547 23884 4621 26282 19495 
32224 23958 19844 18294 22425 23479 26238 8888 12935 26387 
18745 24663 27516 32003 574 3337 1378 22934 20207 23543 
25810 5334 21950 19999 27107 9549 11932 26871 23616 27592 
20404 16467 23934 11355 12890 22408 21932 6309 17470 7634 
3627 20309 30950 2547 28352 29933 3931 6429 4327 18887 
24610 13586 7530 24917 18285 17802 10291 24236 32659 28885 
32350 23108 32702 20417 6803 21753 13027 6334 13203 23638 
6904 1600 6416 17427 13409 31845 21186 6364 11691 12760 
13751 12373 18300 24565 25579 31322 28874 15918 27160 30603 
29516 19629 28623 30984 17454 12858 11720 3449 19721 12640 
7799 16210 16658 30923 7391 2133 21138 21237 26027 7768 
23702 30978 11899 32072 21735 3304 18300 21102 6716 32466 
31547 11505 29359 25031 8379 6044 20078 29574 5061 32738 
8883 23477 1919 3615 28918 26171 26432 21281 20065 15595 
14755 28391 32644 25698 14810 5288 31818 50 6981 4120 
28715 8768 11075 12262 2724 10602 17737 14729 13284 29549 
19761 19004 31177 26118 9172 18759 18698 4952 18906 20353 
18102 32142 9425 10259 24029 15809 6781 20094 21900 4636 
30319 3552 767 5950 19929 9587 27667 12511 21921 5718 
28154 26039 24244 32400 15410 12955 27805 -1
