请输入数组各元素(正整数),以-1结束(不含-1最多2000个数)
数组的内容为
6810 2466 4914 10105 30960 13846 5301 30362 22484 24282 19288 15386 22101 21645 31702 
17945 29991 5098 29581 8656 27822 5007 12080 30581 10585 7938 22972 23903 25137 25333 
14253 26219 32178 3785 21105 28574 14553 12114 30749 28940 17534 9946 25439 22008 19684 
26216 8115 8252 8079 19522 32218 23276 25429 19376 11401 8246 5816 16899 18782 13964 
18547 7382 32279 2310 15955 13716 32262 32513 32328 1594 30656 30477 28092 7006 20246 
26886 31523 26481 13126 29568 1492 23361 25970 22632 30743 26561 17232 11497 18303 19725 
27172 16525 20346 23209 1515 32677 14886 1289 8409 21738 27494 29783 1798 20068 8758 
28784 4709 2443 17467 20016 29429 10925 1950 16879 18235 25487 28443 15179 6383 19799 
19541 11816 4598 6569 15469 27894 32144 24337 21202 30771 27091 1185 26203 26416 32088 
4315 13459 19991 21812 24529 20308 17709 32553 1162 2199 30037 25630 22952 20618 19926 
14029 1352 14819 18269 15036 29738 6260 22598 30574 4114 28160 32279 11226 13677 6478 
77 5660 11320 31611 20572 25451 10270 1940 10993 23627 5088 28773 24186 8451 11258 
26763 23272 2642 11396 10449 28339 606 5718 12473 21791 27117 20335 30040 31167 24023 
8856 29287 5431 28860 25156 20888 1861 11506 12987 7206 4611 29377 16247 10928 23142 
1747 24526 18247 21003 25830 28370 13766 28211 10948 23158 5729 20492 12149 11762 22145 
16946 6835 7016 9168 12149 4254 18631 5519 30429 17841 25584 48 16619 3829 16919 
10017 14882 17012 3692 16614 22214 31729 19451 362 996 6614 11985 7831 27026 1646 
4193 804 8824 8532 806 9134 3215 23852 18825 10763 5929 26000 13316 27355 12850 
24909 10888 22879 17077 9424 25884 28047 16545 26843 6088 12390 25038 22909 5553 25217 
30267 4416 12165 28904 22938 21668 20761 11308 7694 8652 8785 30130 21555 26744 12097 
22350 5215 32307 23441 14611 11559 8910 9510 10602 6949 10508 31230 27490 11769 6047 
9564 16199 32398 22099 6182 6518 6815 15242 4235 15215 2425 3560 25832 25388 3586 
20047 30189 1202 18938 24078 3068 16869 9857 21845 9169 5280 9689 7661 28264 24325 
622 9765 2075 22034 16147 16400 11020 31349 3215 237 24770 5026 10328 13543 30487 
24866 6302 15103 15441 30254 27019 23878 18063 29564 20426 31055 19047 4953 21574 3300 
17613 15352 27956 31480 31798 3082 10323 7389 7422 5518 19058 29623 29959 15083 2100 
3633 4772 25148 15376 30318 19125 29419 15771 15427 27155 20865 15882 28579 5678 19900 
19954 8026 8436 14051 28755 12286 21493 2646 24277 7971 30405 28777 25425 1743 5282 
31602 27283 29998 17751 23841 13407 27782 32096 1552 17585 8044 10575 25499 31305 15673 
6255 12274 28263 25272 31398 2156 468 801 30112 15903 15137 23883 5417 5293 23091 
20765 6875 25440 17664 10566 28922 19578 12691 11565 17564 32454 12630 3883 2829 13683 
400 2809 30321 27170 17709 18532 7595 27966 3006 22088 23422 22668 18880 20923 10482 
4099 9761 3465 30458 17629 16640 19937 19283 12014 22453 27725 9391 28725 27153 30695 
27155 22193 17638 9675 27006 28789 5578 9672 10699 9727 27673 12123 5080 20166 19257 
23261 14056 29714 12834 6907 11334 13840 15389 27239 24108 1830 16075 461 13794 12676 
2410 10761 29994 23292 10580 32407 16092 31507 22472 13386 4814 30552 29933 14401 16630 
23028 13332 15128 6099 22147 23870 31835 21000 4386 18398 27200 1867 23497 29408 27029 
9341 24028 24041 23031 12058 23036 2017 10821 22484 1571 13999 4436 8315 10736 27715 
16100 6432 30527 11482 6355 30842 20733 31357 22673 5001 29755 10699 7380 30840 14208 
29689 17293 12488 21604 27159 8218 28331 28506 11669 25021 10670 20942 4613 15949 28315 
2672 3106 13611 26270 26575 4626 32376 22950 297 20712 31365 12302 16769 23405 13707 
14205 10483 13856 21405 12043 14405 25723 30938 24229 15038 23416 487 15794 25147 32084 
8349 27894 27007 659 12542 1975 12491 29764 23150 4127 2222 7046 20768 31458 7967 
2635 19406 7713 17097 8540 429 1933 28838 14238 17568 32207 24527 18067 2987 12584 
32659 16419 427 24404 7110 29085 27717 28341 7003 6137 32541 17581 3382 2400 28488 
23372 30523 6126 23299 23083 7083 4534 22949 13975 10416 518 18386 7922 1590 6125 
9202 13655 13821 22011 3809 23933 31212 28488 17640 8670 13481 30135 8941 29720 14438 
15740 3046 19603 30718 6620 17044 28004 20032 22324 2925 19569 20362 5693 10970 26838 
22939 27790 5026 3976 21922 28259 22950 21304 24730 1436 15568 15227 19930 14857 24646 
28455 14312 20196 483 24064 5007 22943 17895 11668 31025 13793 27373 28003 6238 31435 
31262 22083 2468 21887 18341 6403 29353 27875 22370 79 12408 12962 31203 27091 31769 
17780 13712 23204 15716 18592 20517 13019 22 21695 3174 17539 16165 26050 28686 20917 
31313 27190 9736 13825 18940 22471 20705 16144 25915 26883 24958 30856 20013 26721 17930 
28464 6284 11394 1331 12117 32385 10678 6550 620 14269 15554 8567 12280 18117 4833 
14006 17838 12429 21256 766 10967 21065 27758 25664 759 18816 11852 13664 9132 8802 
3297 3886 8664 16475 14266 5527 14850 13544 25904 9501 6138 30890 30514 29828 16828 
15033 23877 32462 10647 14906 22472 18794 11151 24116 125 23209 31231 32671 15429 29809 
15747 6590 31275 26421 27668 21679 25508 4388 7029 7745 25109 23969 21199 17669 7574 
22772 8088 18856 22774 11327 29112 23167 20223 5555 751 11620 29947 12547 19825 11201 
18039 9241 21972 9450 32326 1033 19500 31408 24777 1603 18549 31795 31598 21004 9777 
25335 32119 1583 17233 9786 3581 18159 9817 6277 17204 26689 20416 898 7920 2104 
14997 13837 13416 11713 20585 14477 23354 16272 21608 7045 5040 26458 2505 5222 66 
13637 6505 23720 6236 6045 31410 1816 30817 31432 25538 16244 29423 9596 1225 10293 
18277 9519 4787 19116 8610 24271 25864 19792 18192 6068 11024 25687 5346 2771 31802 
12419 13209 24116 18366 63 9165 3238 26498 9962 2090 6065 23099 24179 20665 5580 
26836 26406 11104 28880 15123 22981 23981 26797 8058 24539 27599 11867 2667 17997 12517 
11028 4240 7730 19580 18369 24698 24548 2386 18610 32648 17495 8544 4497 19979 18602 
792 26009 5799 4092 31724 30723 11517 6017 27663 24769 24454 28885 26495 18799 16578 
30352 26691 26247 2963 12058 30193 4308 9955 20929 26228 4905 3213 8712 7180 82 
6011 5442 25750 9547 32012 30304 24078 27568 30136 31752 1106 16501 22774 1255 19497 
21207 12381 28231 28547 16274 1546 14564 20227 31829 29251 28667 3258 6003 11353 1701 
17462 8155 8915 8035 955 18762 24264 29178 27344 8383 13965 17281 4605 25904 5009 
9400 8148 22651 20356 27291 12078 7327 27839 5431 27319 28972 11744 6333 429 25848 
20660 15573 23012 20500 28763 1588 8974 10750 21158 24177 12089 4120 9412 28180 13465 
4185 27422 23793 23688 3139 10367 27828 17355 18453 120 8636 20503 31297 22787 28205 
32467 28448 16230 4928 4384 5349 5210 11486 14615 976 17261 7022 11345 22180 2469 
16363 16301 26458 3942 15929 28749 17431 22933 14777 32226 28764 22014 16411 31274 18044 
1779 22131 29111 3412 4662 23695 4593 5686 14106 14984 28766 30502 28644 3224 22305 
13641 17015 16683 15041 29594 1073 23865 15660 31199 5392 23250 25084 10204 22041 22011 
22520 10438 24314 31672 31710 31482 14062 28522 30816 8175 5345 6747 10092 2153 27349 
6552 6320 4336 16516 15871 24926 8833 8518 21144 6444 19331 8502 7465 10400 25852 
15760 19716 19594 6149 7262 19492 29394 22396 28500 9848 21619 8696 32248 31615 28872 
8194 6918 11797 19975 29314 2322 18061 8971 17783 4719 15103 20054 31467 22608 4579 
15958 551 7469 4831 12007 12067 3688 31198 24602 9792 20785 24674 10804 12345 22183 
20763 4858 2647 15167 14776 18476 1765 13674 12029 9040 4580 22386 14102 6832 28160 
10405 3627 17318 15810 22966 6452 18967 11526 6240 31503 318 20144 17996 32719 29099 
667 5941 21080 2187 30674 23114 12329 19497 7939 29396 3960 14773 8496 17432 27524 
12357 11944 5247 11047 3353 14902 11252 21930 23843 29848 12686 2526 18374 7218 3183 
27496 5855 29956 19436 31325 2 31962 23278 2319 4870 12226 663 17446 29123 28867 
41 242 13594 27340 12836 17919 9014 32235 8367 16874 6930 3263 25913 9332 22843 
15920 13664 3541 31192 1885 5394 2131 23527 4566 29682 16402 18889 21004 14845 27950 
2817 25094 1901 9223 17209 29781 11229 32732 17029 29513 6319 23452 10988 8293 21163 
3320 3877 18449 9960 21949 28318 23951 9968 32609 12995 4912 12319 21723 4476 17096 
588 28344 30967 14943 10668 1388 26793 16681 16370 15846 23439 26809 18619 9319 10170 
32369 11562 18835 30474 12605 6863 13769 15674 16257 18894 9904 20252 16719 28221 19218 
32550 25310 22733 28910 25390 9015 2733 22984 10098 27442 16555 10564 4827 4257 14749 
8691 8323 6603 15359 9325 21108 21788 7901 9376 8627 6426 23028 2407 12157 16539 
24852 10847 7120 14133 20168 24566 9517 10743 8761 22980 30109 12374 5200 12063 16626 
362 18459 24041 6223 2395 23154 11181 5866 29462 5338 7402 19473 31300 18345 30383 
1643 6524 3947 32360 25729 26807 2437 27640 20092 16389 15384 16904 15664 29311 13608 
158 29274 13693 9470 26097 1574 2057 30666 12668 28149 11923 12941 7505 24668 5862 
5942 432 14960 14426 21515 22232 19009 17483 16971 2333 8868 15051 30738 21307 23606 
14228 12668 4842 26525 2880 21773 19378 21777 29885 5969 19457 13596 3835 447 10363 
30365 18151 24803 401 26131 28061 23997 18261 12824 15065 18020 28556 6444 21423 18926 
20997 9396 10621 11156 7978 5442 17693 12562 9429 25623 21087 20557 21861 32231 32694 
24632 17680 6876 1585 20728 4475 22493 28077 12103 26503 29967 24906 30486 7022 23964 
10267 31094 1808 23732 5666 22968 8839 9170 2427 26067 2817 1601 18391 19975 27599 
3550 20524 32704 32185 19743 29867 10173 4245 4692 20723 8049 21272 24621 28804 18858 
19691 20349 14710 8816 16129 15933 28523 1584 24105 28628 25282 29722 7135 662 8205 
20423 29032 24202 13253 26143 24862 368 22077 14714 8712 19458 5077 22789 10669 13435 
17776 18280 2090 598 27944 13477 19075 30552 19264 3907 22327 2512 16217 12461 30999 
5150 18921 10453 3159 7538 16874 27932 486 8150 4815 28278 11515 28527 5820 23241 
3825 9983 24822 3479 5460 15791 3225 29661 32316 10764 25481 26427 22233 13903 29098 
17492 18512 27105 22612 16504 9925 11294 30209 17025 30393 1114 13897 17146 23703 6945 
7697 30599 10889 24771 26623 19840 144 32016 17713 30688 13012 27745 5678 5214 27193 
28120 12316 11225 13106 9960 564 4601 28378 8215 12148 26644 23105 32514 28819 18254 
8195 8610 21050 22021 10272 32463 9073 19564 6663 28674 10328 11381 17652 18527 25879 
12533 25212 23795 5399 14339 26471 25146 8819 11424 22205 17124 12713 13214 19235 21464 
5526 8122 10856 2426 16289 28940 14172 4649 54 25505 30177 31244 11126 20838 5444 
15375 30252 27463 21709 25640 7939 3481 5780 9951 14327 13237 5271 4621 9226 20198 
27658 15076 7480 1158 29422 3375 22188 5987 3045 8155 3892 104 27717 12983 10227 
31353 2155 14712 4950 1438 6738 6144 12361 9572 30308 29664 26026 24192 8847 16155 
4605 14262 25500 24621 9058 16889 13500 6987 27589 27604 23908 8429 1365 9224 6491 
25994 23351 3959 1810 9890 10875 22080 20531 16642 3919 19500 16508 15428 29298 30793 
16078 12181 27372 16340 23681 25531 26621 14428 28411 22102 14163 25893 26497 613 15231 
25547 23884 4621 26282 19495 32224 23958 19844 18294 22425 23479 26238 8888 12935 26387 
18745 24663 27516 32003 574 3337 1378 22934 20207 23543 25810 5334 21950 19999 27107 
9549 11932 26871 23616 27592 20404 16467 23934 11355 12890 22408 21932 6309 17470 7634 
3627 20309 30950 2547 28352 29933 3931 6429 4327 18887 24610 13586 7530 24917 18285 
17802 10291 24236 32659 28885 32350 23108 32702 20417 6803 21753 13027 6334 13203 23638 
6904 1600 6416 17427 13409 31845 21186 6364 11691 12760 13751 12373 18300 24565 25579 
31322 28874 15918 27160 30603 29516 19629 28623 30984 17454 12858 11720 3449 19721 12640 
7799 16210 16658 30923 7391 2133 21138 21237 26027 7768 23702 30978 11899 32072 21735 
3304 18300 21102 6716 32466 7864032 4200055 7864032 7864168 4199302 14 14226692 14226724 4199302 1 
14226720 14228376 0 2147360768 4 14226720 14226692 266040911 35143 1147900759 0 0 0 0 0 
0 0 0 0 0 0 0 0 0 0 0 0 0 0 7864188 
2949120 4199616 4199616 7864196 1994022217 0 0 1994022217 2949120 1994022192 7864284 1999688043 2949120 1229505998 0 
0 2949120 0 0 0 0 0 0 0 0 0 7864208 0 7864292 1999774640 
1040511570 0 7864300 1999687921 
调整后数组的内容为
10105 5301 22101 21645 17945 29991 29581 5007 30581 10585 
23903 25137 25333 14253 26219 3785 21105 14553 30749 25439 
8115 8079 25429 11401 16899 18547 32279 15955 32513 30477 
31523 26481 23361 30743 26561 11497 18303 19725 16525 23209 
1515 32677 1289 8409 29783 4709 2443 17467 29429 10925 
16879 18235 25487 28443 15179 6383 19799 19541 6569 15469 
24337 30771 27091 1185 26203 4315 13459 19991 24529 17709 
32553 2199 30037 14029 14819 18269 32279 13677 77 31611 
25451 10993 23627 28773 8451 26763 10449 28339 12473 21791 
27117 20335 31167 24023 29287 5431 1861 12987 4611 29377 
16247 1747 18247 21003 28211 5729 12149 22145 6835 12149 
18631 5519 30429 17841 16619 3829 16919 10017 31729 19451 
11985 7831 4193 3215 18825 10763 5929 27355 24909 22879 
17077 28047 16545 26843 22909 5553 25217 30267 12165 20761 
8785 21555 12097 5215 32307 23441 14611 11559 6949 11769 
6047 16199 22099 6815 4235 15215 2425 20047 30189 16869 
9857 21845 9169 9689 7661 24325 9765 2075 16147 31349 
3215 237 13543 30487 15103 15441 27019 18063 31055 19047 
4953 17613 10323 7389 29623 29959 15083 3633 19125 29419 
15771 15427 27155 20865 28579 14051 28755 21493 24277 7971 
30405 28777 25425 1743 27283 17751 23841 13407 17585 10575 
25499 31305 15673 6255 28263 801 15903 15137 23883 5417 
5293 23091 20765 6875 12691 11565 3883 2829 13683 2809 
30321 17709 7595 20923 4099 9761 3465 17629 19937 19283 
22453 27725 9391 28725 27153 30695 27155 22193 9675 28789 
10699 9727 27673 12123 19257 23261 6907 15389 27239 16075 
461 10761 32407 31507 29933 14401 6099 22147 31835 1867 
23497 27029 9341 24041 23031 2017 10821 1571 13999 8315 
27715 30527 6355 20733 31357 22673 5001 29755 10699 29689 
17293 27159 28331 11669 25021 4613 15949 28315 13611 26575 
297 31365 16769 23405 13707 14205 10483 21405 12043 14405 
25723 24229 487 25147 8349 27007 659 1975 12491 4127 
7967 2635 7713 17097 429 1933 32207 24527 18067 2987 
32659 16419 427 29085 27717 28341 7003 6137 32541 17581 
30523 23299 23083 7083 22949 13975 6125 13655 13821 22011 
3809 23933 13481 30135 8941 19603 2925 19569 5693 22939 
28259 15227 14857 28455 483 5007 22943 17895 31025 13793 
27373 28003 31435 22083 21887 18341 6403 29353 27875 79 
31203 27091 31769 20517 13019 21695 17539 16165 20917 31313 
13825 22471 20705 25915 26883 20013 26721 1331 12117 32385 
14269 8567 18117 4833 12429 10967 21065 759 3297 16475 
5527 9501 15033 23877 10647 11151 125 23209 31231 32671 
15429 29809 15747 31275 26421 21679 7029 7745 25109 23969 
21199 17669 11327 23167 20223 5555 751 29947 12547 19825 
11201 18039 9241 1033 24777 1603 18549 31795 9777 25335 
32119 1583 17233 3581 18159 9817 6277 26689 14997 13837 
11713 20585 14477 7045 2505 13637 6505 6045 30817 29423 
1225 10293 18277 9519 4787 24271 25687 2771 12419 13209 
63 9165 6065 23099 24179 20665 15123 22981 23981 26797 
24539 27599 11867 2667 17997 12517 18369 17495 4497 19979 
26009 5799 30723 11517 6017 27663 24769 28885 26495 18799 
26691 26247 2963 30193 9955 20929 4905 3213 6011 9547 
16501 1255 19497 21207 12381 28231 28547 20227 31829 29251 
28667 6003 11353 1701 8155 8915 8035 955 8383 13965 
17281 4605 5009 22651 27291 7327 27839 5431 27319 6333 
429 15573 28763 24177 12089 13465 4185 23793 3139 10367 
17355 18453 20503 31297 22787 28205 32467 5349 14615 17261 
11345 2469 16363 16301 15929 28749 17431 22933 14777 16411 
1779 22131 29111 23695 4593 22305 13641 17015 16683 15041 
1073 23865 31199 22041 22011 8175 5345 6747 2153 27349 
15871 8833 19331 7465 6149 21619 31615 11797 19975 18061 
8971 17783 4719 15103 31467 4579 551 7469 4831 12007 
12067 20785 12345 22183 20763 2647 15167 1765 12029 10405 
3627 18967 31503 32719 29099 667 5941 2187 12329 19497 
7939 14773 12357 5247 11047 3353 23843 3183 5855 31325 
2319 663 29123 28867 41 17919 32235 8367 3263 25913 
22843 3541 1885 2131 23527 18889 14845 2817 1901 9223 
17209 29781 11229 17029 29513 6319 8293 21163 3877 18449 
21949 23951 32609 12995 12319 21723 30967 14943 26793 16681 
23439 26809 18619 9319 32369 18835 12605 6863 13769 16257 
16719 28221 22733 9015 2733 16555 4827 4257 14749 8691 
8323 6603 15359 9325 7901 8627 2407 12157 16539 10847 
14133 9517 10743 8761 30109 12063 18459 24041 6223 2395 
11181 19473 18345 30383 1643 3947 25729 26807 2437 16389 
29311 13693 26097 2057 28149 11923 12941 7505 21515 19009 
17483 16971 2333 15051 21307 26525 21773 21777 29885 5969 
19457 3835 447 10363 30365 18151 24803 401 26131 28061 
23997 18261 15065 21423 20997 10621 17693 9429 25623 21087 
20557 21861 32231 1585 4475 22493 28077 12103 26503 29967 
10267 8839 2427 26067 2817 1601 18391 19975 27599 32185 
19743 29867 10173 4245 20723 8049 24621 19691 20349 16129 
15933 28523 24105 7135 8205 20423 13253 26143 22077 5077 
22789 10669 13435 13477 19075 3907 22327 16217 12461 30999 
18921 10453 3159 4815 11515 28527 23241 3825 9983 3479 
15791 3225 29661 25481 26427 22233 13903 27105 9925 30209 
17025 30393 13897 23703 6945 7697 30599 10889 24771 26623 
17713 27745 27193 11225 4601 8215 23105 28819 8195 22021 
32463 9073 6663 11381 18527 25879 12533 23795 5399 14339 
26471 8819 22205 12713 19235 16289 4649 25505 30177 15375 
27463 21709 7939 3481 9951 14327 13237 5271 4621 3375 
5987 3045 8155 27717 12983 10227 31353 2155 12361 8847 
16155 4605 24621 16889 6987 27589 8429 1365 6491 23351 
3959 10875 20531 3919 30793 12181 23681 25531 26621 28411 
14163 25893 26497 613 15231 25547 4621 19495 22425 23479 
12935 26387 18745 24663 32003 3337 20207 23543 19999 27107 
9549 26871 16467 11355 6309 3627 20309 2547 29933 3931 
6429 4327 18887 24917 18285 10291 32659 28885 20417 6803 
21753 13027 13203 17427 13409 31845 11691 13751 12373 24565 
25579 30603 19629 28623 3449 19721 7799 30923 7391 2133 
21237 26027 11899 21735 32466 6716 21102 18300 3304 32072 
30978 23702 7768 21138 16658 16210 12640 11720 12858 17454 
30984 29516 27160 15918 28874 31322 18300 12760 6364 21186 
6416 1600 6904 23638 6334 32702 23108 32350 24236 17802 
7530 13586 24610 28352 30950 7634 17470 21932 22408 12890 
23934 20404 27592 23616 11932 21950 5334 25810 22934 1378 
574 27516 8888 26238 18294 19844 23958 32224 26282 23884 
22102 14428 16340 27372 16078 29298 15428 16508 19500 16642 
22080 9890 1810 25994 9224 23908 27604 13500 9058 25500 
14262 24192 26026 29664 30308 9572 6144 6738 1438 4950 
14712 104 3892 22188 29422 1158 7480 15076 27658 20198 
9226 5780 25640 30252 5444 20838 11126 31244 54 14172 
28940 2426 10856 8122 5526 21464 13214 17124 11424 25146 
25212 17652 10328 28674 19564 10272 21050 8610 18254 32514 
26644 12148 28378 564 9960 13106 12316 28120 5214 5678 
13012 30688 32016 144 19840 17146 1114 11294 16504 22612 
18512 17492 29098 10764 32316 5460 24822 5820 28278 8150 
486 27932 16874 7538 5150 2512 19264 30552 27944 598 
2090 18280 17776 19458 8712 14714 368 24862 24202 29032 
662 29722 25282 28628 1584 8816 14710 18858 28804 21272 
4692 32704 20524 3550 9170 22968 5666 23732 1808 31094 
23964 7022 30486 24906 20728 6876 17680 24632 32694 12562 
5442 7978 11156 9396 18926 6444 28556 18020 12824 13596 
19378 2880 4842 12668 14228 23606 30738 8868 22232 14426 
14960 432 5942 5862 24668 12668 30666 1574 9470 29274 
158 13608 15664 16904 15384 20092 27640 32360 6524 31300 
7402 5338 29462 5866 23154 362 16626 5200 12374 22980 
24566 20168 7120 24852 23028 6426 9376 21788 21108 10564 
27442 10098 22984 25390 28910 25310 32550 19218 20252 9904 
18894 15674 30474 11562 10170 15846 16370 1388 10668 28344 
588 17096 4476 4912 9968 28318 9960 3320 10988 23452 
32732 25094 27950 21004 16402 29682 4566 5394 31192 13664 
15920 9332 6930 16874 9014 12836 27340 13594 242 17446 
12226 4870 23278 31962 2 19436 29956 27496 7218 18374 
2526 12686 29848 21930 11252 14902 11944 27524 17432 8496 
3960 29396 23114 30674 21080 17996 20144 318 6240 11526 
6452 22966 15810 17318 28160 6832 14102 22386 4580 9040 
13674 18476 14776 4858 10804 24674 9792 24602 31198 3688 
15958 22608 20054 2322 29314 6918 8194 28872 32248 8696 
9848 28500 22396 29394 19492 7262 19594 19716 15760 25852 
10400 8502 6444 21144 8518 24926 16516 4336 6320 6552 
10092 30816 28522 14062 31482 31710 31672 24314 10438 22520 
10204 25084 23250 5392 15660 29594 3224 28644 30502 28766 
14984 14106 5686 4662 3412 18044 31274 22014 28764 32226 
3942 26458 22180 7022 976 11486 5210 4384 4928 16230 
28448 8636 120 27828 23688 27422 28180 9412 4120 21158 
10750 8974 1588 20500 23012 20660 25848 11744 28972 12078 
20356 8148 9400 25904 27344 29178 24264 18762 17462 3258 
14564 1546 16274 22774 1106 31752 30136 27568 24078 30304 
32012 25750 5442 82 7180 8712 26228 4308 12058 30352 
16578 24454 31724 4092 792 18602 8544 32648 18610 2386 
24548 24698 19580 7730 4240 11028 8058 28880 11104 26406 
26836 5580 2090 9962 26498 3238 18366 24116 31802 5346 
11024 6068 18192 19792 25864 8610 19116 9596 16244 25538 
31432 1816 31410 6236 23720 66 5222 26458 5040 21608 
16272 23354 13416 2104 7920 898 20416 17204 9786 21004 
31598 31408 19500 32326 9450 21972 11620 29112 22774 18856 
8088 22772 7574 4388 25508 27668 6590 24116 18794 22472 
14906 32462 16828 29828 30514 30890 6138 25904 13544 14850 
14266 8664 3886 8802 9132 13664 11852 18816 25664 27758 
766 21256 17838 14006 12280 15554 620 6550 10678 11394 
6284 28464 17930 30856 24958 16144 18940 9736 27190 28686 
26050 3174 22 18592 15716 23204 13712 17780 12962 12408 
22370 2468 31262 6238 11668 24064 20196 14312 24646 19930 
15568 1436 24730 21304 22950 21922 3976 5026 27790 26838 
10970 20362 22324 20032 28004 17044 6620 30718 3046 15740 
14438 29720 8670 17640 28488 31212 9202 1590 7922 18386 
518 10416 4534 6126 23372 28488 2400 3382 7110 24404 
12584 17568 14238 28838 8540 19406 31458 20768 7046 2222 
23150 29764 12542 27894 32084 15794 23416 15038 30938 13856 
12302 20712 22950 32376 4626 26270 3106 2672 20942 10670 
28506 8218 21604 12488 14208 30840 7380 30842 11482 6432 
16100 10736 4436 22484 23036 12058 24028 29408 27200 18398 
4386 21000 23870 15128 13332 23028 16630 30552 4814 13386 
22472 16092 10580 23292 29994 2410 12676 13794 1830 24108 
13840 11334 12834 29714 14056 20166 5080 9672 5578 27006 
17638 12014 16640 30458 10482 18880 22668 23422 22088 3006 
27966 18532 27170 400 12630 32454 17564 19578 28922 10566 
17664 25440 30112 468 2156 31398 25272 12274 8044 1552 
32096 27782 29998 31602 5282 2646 12286 8436 8026 19954 
19900 5678 15882 30318 15376 25148 4772 2100 19058 5518 
7422 3082 31798 31480 27956 15352 3300 21574 20426 29564 
23878 30254 6302 24866 10328 5026 24770 11020 16400 22034 
622 28264 5280 3068 24078 18938 1202 3586 25388 25832 
3560 15242 6518 6182 32398 9564 27490 31230 10508 10602 
9510 8910 22350 26744 30130 8652 7694 11308 21668 22938 
28904 4416 25038 12390 6088 25884 9424 10888 12850 13316 
26000 23852 9134 806 8532 8824 804 1646 27026 6614 
996 362 22214 16614 3692 17012 14882 48 25584 4254 
9168 7016 16946 11762 20492 23158 10948 13766 28370 25830 
24526 23142 10928 7206 11506 20888 25156 28860 8856 30040 
5718 606 11396 2642 23272 11258 24186 5088 1940 10270 
20572 11320 5660 6478 11226 28160 4114 30574 22598 6260 
29738 15036 1352 19926 20618 22952 25630 1162 20308 21812 
32088 26416 21202 32144 27894 4598 11816 1950 20016 28784 
8758 20068 1798 27494 21738 14886 20346 27172 17232 22632 
25970 1492 29568 13126 26886 20246 7006 28092 30656 1594 
32328 32262 13716 2310 7382 13964 18782 5816 8246 19376 
23276 32218 19522 8252 26216 19684 22008 9946 17534 28940 
12114 28574 32178 22972 7938 12080 27822 8656 5098 31702 
15386 19288 24282 22484 30362 13846 30960 4914 2466 6810 
7864032 4200055 7864032 7864168 4199302 14 14226692 14226724 4199302 1 
14226720 14228376 0 2147360768 4 14226720 14226692 266040911 35143 1147900759 
0 0 0 0 0 0 0 0 0 0 
0 0 0 0 0 0 0 0 0 7864188 
2949120 4199616 4199616 7864196 1994022217 0 0 1994022217 2949120 1994022192 
7864284 1999688043 2949120 1229505998 0 0 2949120 0 0 0 
0 0 0 0 0 0 7864208 0 7864292 1999774640 
1040511570 0 7864300 1999687921 
